Edge	4	227	91	0	0	0	314	-1
	Sequence	+edge_3_0_-disjointig_4_12951_16852 3901 -29 453533 12951 16852
	Sequence	+edge_3_1_-disjointig_40_66488_70344 3856 -30 77080 66488 70344
	Sequence	+edge_3_2_-disjointig_54_48361_52188 3827 -41 95275 48361 52188
Edge	5	87	336	0	0	0	314	-1
	Sequence	-edge_3_0_-disjointig_4_12951_16852 3901 29 453533 436680 440581
	Sequence	-edge_3_1_-disjointig_40_66488_70344 3856 30 77080 6735 10591
	Sequence	-edge_3_2_-disjointig_54_48361_52188 3827 41 95275 43086 46913
Edge	16	145	124	1	0	0	215	14
	Sequence	+edge_9_0_+disjointig_1_52240_53480 1240 1 6292614 52240 53480
Edge	17	185	194	1	0	0	215	15
	Sequence	-edge_9_0_+disjointig_1_52240_53480 1240 -1 6292614 6239133 6240373
Edge	18	145	124	1	0	0	308	14
	Sequence	+edge_10_0_+disjointig_40_26269_27535 1266 30 77080 26269 27535
	Sequence	+edge_10_1_+disjointig_54_62749_64024 1275 41 95275 62749 64024
Edge	19	185	194	1	0	0	308	15
	Sequence	-edge_10_0_+disjointig_40_26269_27535 1266 -30 77080 49544 50810
	Sequence	-edge_10_1_+disjointig_54_62749_64024 1275 -41 95275 31250 32525
Edge	38	151	391	0	0	0	467	-1
	Sequence	+edge_20_0_+disjointig_1_1019449_1023401 3952 1 6292614 1019449 1023401
Edge	39	378	380	0	0	0	467	-1
	Sequence	-edge_20_0_+disjointig_1_1019449_1023401 3952 -1 6292614 5269212 5273164
Edge	44	192	226	0	0	0	130	-1
	Sequence	+edge_23_0_+disjointig_1_1086710_1091262 4552 1 6292614 1086710 1091262
Edge	45	168	333	0	0	0	130	-1
	Sequence	-edge_23_0_+disjointig_1_1086710_1091262 4552 -1 6292614 5201351 5205903
Edge	46	192	85	0	0	0	526	-1
	Sequence	+edge_24_0_-disjointig_33_56334_65036 8702 -24 140433 56334 65036
	Sequence	+edge_24_1_-disjointig_61_32483_40922 8439 -49 125963 32483 40922
Edge	47	82	333	0	0	0	526	-1
	Sequence	-edge_24_0_-disjointig_33_56334_65036 8702 24 140433 75396 84098
	Sequence	-edge_24_1_-disjointig_61_32483_40922 8439 49 125963 85040 93479
Edge	50	168	83	0	0	0	332	-1
	Sequence	+edge_26_0_+disjointig_33_64101_66832 2731 24 140433 64101 66832
	Sequence	+edge_26_1_+disjointig_61_63970_66685 2715 49 125963 63970 66685
Edge	51	84	226	0	0	0	332	-1
	Sequence	-edge_26_0_+disjointig_33_64101_66832 2731 -24 140433 73600 76331
	Sequence	-edge_26_1_+disjointig_61_63970_66685 2715 -49 125963 59277 61992
Edge	54	311	183	1	0	0	1633	-1
	Sequence	+edge_28_0_+disjointig_1_1443259_1449814 6555 1 6292614 1443259 1449814
	Sequence	+edge_28_1_+disjointig_1_1458405_1464952 6547 1 6292614 1458405 1464952
	Sequence	+edge_28_2_+disjointig_1_1473469_1479798 6329 1 6292614 1473469 1479798
Edge	55	396	176	1	0	0	1633	-1
	Sequence	-edge_28_0_+disjointig_1_1443259_1449814 6555 -1 6292614 4842799 4849354
	Sequence	-edge_28_1_+disjointig_1_1458405_1464952 6547 -1 6292614 4827661 4834208
	Sequence	-edge_28_2_+disjointig_1_1473469_1479798 6329 -1 6292614 4812815 4819144
Edge	56	176	396	1	0	0	1083	-1
	Sequence	+edge_29_0_-disjointig_1_4834208_4842799 8591 -1 6292614 4834208 4842799
	Sequence	+edge_29_1_-disjointig_1_4819144_4827661 8517 -1 6292614 4819144 4827661
Edge	57	183	311	1	0	0	1083	-1
	Sequence	-edge_29_0_-disjointig_1_4834208_4842799 8591 1 6292614 1449814 1458405
	Sequence	-edge_29_1_-disjointig_1_4819144_4827661 8517 1 6292614 1464952 1473469
Edge	68	190	190	1	0	0	268	2
	Sequence	+edge_35_0_+disjointig_41_71312_81217 9905 31 123809 71312 81217
Edge	69	195	195	1	0	0	268	3
	Sequence	-edge_35_0_+disjointig_41_71312_81217 9905 -31 123809 42591 52496
Edge	76	236	332	0	0	0	208	-1
	Sequence	+edge_39_0_+disjointig_26_67005_122394 55389 19 122395 67005 122394
Edge	77	290	364	0	0	0	208	-1
	Sequence	-edge_39_0_+disjointig_26_67005_122394 55389 -19 122395 0 55389
Edge	88	228	231	1	0	0	271	16
	Sequence	+edge_45_0_+disjointig_1_3231013_3240635 9622 1 6292614 3231013 3240635
Edge	89	158	275	1	0	0	271	17
	Sequence	-edge_45_0_+disjointig_1_3231013_3240635 9622 -1 6292614 3051978 3061600
Edge	90	228	231	1	0	0	117	16
	Sequence	+edge_46_0_-disjointig_32_55742_76395 20653 -23 148629 55742 76395
Edge	91	158	275	1	0	0	117	17
	Sequence	-edge_46_0_-disjointig_32_55742_76395 20653 23 148629 72233 92886
Edge	110	170	170	1	0	0	222	4
	Sequence	+edge_56_0_+disjointig_1_4066775_4074841 8066 1 6292614 4066775 4074841
Edge	111	203	203	1	0	0	222	5
	Sequence	-edge_56_0_+disjointig_1_4066775_4074841 8066 -1 6292614 2217772 2225838
Edge	118	157	245	1	0	0	456	18
	Sequence	+edge_60_0_+disjointig_1_4226067_4236393 10326 1 6292614 4226067 4236393
Edge	119	222	241	1	0	0	456	19
	Sequence	-edge_60_0_+disjointig_1_4226067_4236393 10326 -1 6292614 2056220 2066546
Edge	120	157	245	1	0	0	130	18
	Sequence	+edge_61_0_+disjointig_46_24145_42689 18544 35 65642 24145 42689
Edge	121	222	241	1	0	0	130	19
	Sequence	-edge_61_0_+disjointig_46_24145_42689 18544 -35 65642 22952 41496
Edge	122	77	80	0	0	0	570	-1
	Sequence	+edge_62_0_+disjointig_1_4236393_4244314 7921 1 6292614 4236393 4244314
	Sequence	+edge_62_1_+disjointig_46_42689_50536 7847 35 65642 42689 50536
Edge	123	390	319	0	0	0	570	-1
	Sequence	-edge_62_0_+disjointig_1_4236393_4244314 7921 -1 6292614 2048299 2056220
	Sequence	-edge_62_1_+disjointig_46_42689_50536 7847 -35 65642 15105 22952
Edge	124	248	252	1	0	0	558	20
	Sequence	+edge_63_0_+disjointig_1_4244314_4245444 1130 1 6292614 4244314 4245444
Edge	125	282	303	1	0	0	558	21
	Sequence	-edge_63_0_+disjointig_1_4244314_4245444 1130 -1 6292614 2047169 2048299
Edge	126	248	252	1	0	0	2	20
	Sequence	+edge_64_0_+disjointig_46_50536_51613 1077 35 65642 50536 51613
Edge	127	282	303	1	0	0	2	21
	Sequence	-edge_64_0_+disjointig_46_50536_51613 1077 -35 65642 14028 15105
Edge	138	101	103	1	0	0	234	22
	Sequence	+edge_70_0_+disjointig_1_4541596_4547718 6122 1 6292614 4541596 4547718
Edge	139	347	131	1	0	0	234	23
	Sequence	-edge_70_0_+disjointig_1_4541596_4547718 6122 -1 6292614 1744895 1751017
Edge	140	101	103	1	0	0	270	22
	Sequence	+edge_71_0_+disjointig_12_58948_59606 658 4 114552 58948 59606
Edge	141	347	131	1	0	0	270	23
	Sequence	-edge_71_0_+disjointig_12_58948_59606 658 -4 114552 54945 55603
Edge	150	238	196	1	0	1	1434	-1
	Sequence	+edge_76_0_+disjointig_1_5214384_5216687 2303 1 6292614 5214384 5216687
	Sequence	+edge_76_1_+disjointig_1_5223011_5225303 2292 1 6292614 5223011 5225303
	Sequence	+edge_76_2_+disjointig_1_5231545_5233841 2296 1 6292614 5231545 5233841
Edge	151	213	257	1	0	1	1434	-1
	Sequence	-edge_76_0_+disjointig_1_5214384_5216687 2303 -1 6292614 1075926 1078229
	Sequence	-edge_76_1_+disjointig_1_5223011_5225303 2292 -1 6292614 1067310 1069602
	Sequence	-edge_76_2_+disjointig_1_5231545_5233841 2296 -1 6292614 1058772 1061068
Edge	152	257	213	1	0	1	995	-1
	Sequence	+edge_77_0_-disjointig_1_1069602_1075926 6324 -1 6292614 1069602 1075926
	Sequence	+edge_77_1_-disjointig_1_1061068_1067310 6242 -1 6292614 1061068 1067310
Edge	153	196	238	1	0	1	995	-1
	Sequence	-edge_77_0_-disjointig_1_1069602_1075926 6324 1 6292614 5216687 5223011
	Sequence	-edge_77_1_-disjointig_1_1061068_1067310 6242 1 6292614 5225303 5231545
Edge	154	357	258	0	0	0	548	-1
	Sequence	+edge_78_0_+disjointig_1_5233841_5280376 46535 1 6292614 5233841 5280376
Edge	155	189	264	0	0	0	548	-1
	Sequence	-edge_78_0_+disjointig_1_5233841_5280376 46535 -1 6292614 1012237 1058772
Edge	156	258	148	1	0	0	1083	-1
	Sequence	+edge_79_0_+disjointig_1_5280376_5290927 10551 1 6292614 5280376 5290927
	Sequence	+edge_79_1_-disjointig_1_988041_998624 10583 -1 6292614 988041 998624
Edge	157	146	189	1	0	0	1083	-1
	Sequence	-edge_79_0_+disjointig_1_5280376_5290927 10551 -1 6292614 1001686 1012237
	Sequence	-edge_79_1_-disjointig_1_988041_998624 10583 1 6292614 5293989 5304572
Edge	160	148	146	1	0	0	476	-1
	Sequence	+edge_81_0_+disjointig_1_5290927_5293989 3062 1 6292614 5290927 5293989
Edge	161	148	146	1	0	0	476	-1
	Sequence	-edge_81_0_+disjointig_1_5290927_5293989 3062 -1 6292614 998624 1001686
Edge	164	106	177	1	0	0	216	24
	Sequence	+edge_83_0_+disjointig_1_5362102_5376475 14373 1 6292614 5362102 5376475
Edge	165	244	121	1	0	0	216	25
	Sequence	-edge_83_0_+disjointig_1_5362102_5376475 14373 -1 6292614 916138 930511
Edge	166	106	140	1	0	0	152	24
	Sequence	+edge_84_0_-disjointig_17_42873_58431 15558 -9 95725 42873 58431
Edge	167	149	121	1	0	0	152	25
	Sequence	-edge_84_0_-disjointig_17_42873_58431 15558 9 95725 37293 52851
Edge	170	215	155	0	0	0	493	-1
	Sequence	+edge_86_0_+disjointig_13_59715_196442 136727 5 276958 59715 196442
Edge	171	401	182	0	0	0	493	-1
	Sequence	-edge_86_0_+disjointig_13_59715_196442 136727 -5 276958 80515 217242
Edge	172	244	149	1	0	1	528	25
	Sequence	+edge_87_0_-disjointig_1_75106_85918 10812 -1 6292614 75106 85918
	Sequence	+edge_87_1_-disjointig_13_217242_228116 10874 -5 276958 217242 228116
	Sequence	+edge_87_2_+disjointig_17_27298_37293 9995 9 95725 27298 37293
Edge	173	140	177	1	0	1	528	24
	Sequence	-edge_87_0_-disjointig_1_75106_85918 10812 1 6292614 6206695 6217507
	Sequence	-edge_87_1_-disjointig_13_217242_228116 10874 5 276958 48841 59715
	Sequence	-edge_87_2_+disjointig_17_27298_37293 9995 -9 95725 58431 68426
Edge	178	211	299	1	0	0	251	26
	Sequence	+edge_90_0_+disjointig_1_5437704_5444698 6994 1 6292614 5437704 5444698
	Sequence	+edge_90_1_+disjointig_1_6278915_6286300 7385 1 6292614 6278915 6286300
Edge	179	407	156	1	0	0	251	27
	Sequence	-edge_90_0_+disjointig_1_5437704_5444698 6994 -1 6292614 847915 854909
	Sequence	-edge_90_1_+disjointig_1_6278915_6286300 7385 -1 6292614 6313 13698
Edge	180	211	299	1	0	0	174	26
	Sequence	+edge_91_0_+disjointig_48_41371_45088 3717 36 96088 41371 45088
Edge	181	407	156	1	0	0	174	27
	Sequence	-edge_91_0_+disjointig_48_41371_45088 3717 -36 96088 50999 54716
Edge	188	144	143	0	0	1	631	-1
	Sequence	+edge_95_0_+disjointig_1_6073537_6080672 7135 1 6292614 6073537 6080672
	Sequence	+edge_95_1_+disjointig_5_168960_176112 7152 38 851818 168960 176112
Edge	189	99	198	0	0	1	631	-1
	Sequence	-edge_95_0_+disjointig_1_6073537_6080672 7135 -1 6292614 211941 219076
	Sequence	-edge_95_1_+disjointig_5_168960_176112 7152 -38 851818 675705 682857
Edge	190	363	334	1	0	0	422	28
	Sequence	+edge_96_0_-disjointig_5_682857_689813 6956 -38 851818 682857 689813
Edge	191	193	403	1	0	0	422	29
	Sequence	-edge_96_0_-disjointig_5_682857_689813 6956 38 851818 162004 168960
Edge	194	115	128	1	0	0	406	29
	Sequence	+edge_98_0_+disjointig_5_176112_198393 22281 38 851818 176112 198393
Edge	195	337	402	1	0	0	406	28
	Sequence	-edge_98_0_+disjointig_5_176112_198393 22281 -38 851818 653424 675705
Edge	200	220	328	0	0	0	248	-1
	Sequence	+edge_101_0_+disjointig_10_61527_74504 12977 2 74505 61527 74504
Edge	201	344	383	0	0	0	248	-1
	Sequence	-edge_101_0_+disjointig_10_61527_74504 12977 -2 74505 0 12977
Edge	208	134	133	0	0	0	258	-1
	Sequence	+edge_105_0_+disjointig_11_36538_103767 67229 3 175921 36538 103767
Edge	209	214	167	0	0	0	258	-1
	Sequence	-edge_105_0_+disjointig_11_36538_103767 67229 -3 175921 72153 139382
Edge	210	134	369	0	0	0	310	-1
	Sequence	+edge_106_0_-disjointig_6_814829_916341 101512 -47 916342 814829 916341
Edge	211	366	167	0	0	0	310	-1
	Sequence	-edge_106_0_-disjointig_6_814829_916341 101512 47 916342 0 101512
Edge	214	335	76	0	0	0	348	-1
	Sequence	+edge_108_0_+disjointig_11_103767_113742 9975 3 175921 103767 113742
	Sequence	+edge_108_1_+disjointig_34_142579_152534 9955 25 166734 142579 152534
Edge	215	75	404	0	0	0	348	-1
	Sequence	-edge_108_0_+disjointig_11_103767_113742 9975 -3 175921 62178 72153
	Sequence	-edge_108_1_+disjointig_34_142579_152534 9955 -25 166734 14199 24154
Edge	216	404	352	0	0	0	320	-1
	Sequence	+edge_109_0_-disjointig_34_24154_58088 33934 -25 166734 24154 58088
Edge	217	400	335	0	0	0	320	-1
	Sequence	-edge_109_0_-disjointig_34_24154_58088 33934 25 166734 108645 142579
Edge	218	132	127	1	0	0	191	30
	Sequence	+edge_110_0_+disjointig_11_113742_120780 7038 3 175921 113742 120780
Edge	219	179	169	1	0	0	191	31
	Sequence	-edge_110_0_+disjointig_11_113742_120780 7038 -3 175921 55140 62178
Edge	220	132	127	1	0	0	158	30
	Sequence	+edge_111_0_+disjointig_34_152534_159649 7115 25 166734 152534 159649
Edge	221	179	169	1	0	0	158	31
	Sequence	-edge_111_0_+disjointig_34_152534_159649 7115 -25 166734 7084 14199
Edge	222	285	202	0	0	0	344	-1
	Sequence	+edge_112_0_+disjointig_11_120780_122775 1995 3 175921 120780 122775
	Sequence	+edge_112_1_+disjointig_34_159649_161656 2007 25 166734 159649 161656
Edge	223	130	136	0	0	0	344	-1
	Sequence	-edge_112_0_+disjointig_11_120780_122775 1995 -3 175921 53145 55140
	Sequence	-edge_112_1_+disjointig_34_159649_161656 2007 -25 166734 5077 7084
Edge	226	130	352	0	0	0	179	-1
	Sequence	+edge_114_0_+disjointig_5_415605_418142 2537 38 851818 415605 418142
Edge	227	400	202	0	0	0	179	-1
	Sequence	-edge_114_0_+disjointig_5_415605_418142 2537 -38 851818 433675 436212
Edge	238	251	246	0	0	0	542	-1
	Sequence	+edge_120_0_+disjointig_13_212912_244959 32047 5 276958 212912 244959
Edge	239	237	399	0	0	0	542	-1
	Sequence	-edge_120_0_+disjointig_13_212912_244959 32047 -5 276958 31998 64045
Edge	240	117	209	0	0	1	0	-1
	Sequence	+edge_121_0_+disjointig_13_203494_205856 2362 5 276958 203494 205856
Edge	241	117	209	0	0	1	0	-1
	Sequence	-edge_121_0_+disjointig_13_203494_205856 2362 -5 276958 71101 73463
Edge	244	116	310	1	0	0	190	-1
	Sequence	+edge_123_0_-disjointig_2_1884586_1893881 9295 -12 5912227 1884586 1893881
	Sequence	+edge_123_1_-disjointig_2_9095_18419 9324 -12 5912227 9095 18419
Edge	245	308	233	1	0	0	190	-1
	Sequence	-edge_123_0_-disjointig_2_1884586_1893881 9295 12 5912227 4018345 4027640
	Sequence	-edge_123_1_-disjointig_2_9095_18419 9324 12 5912227 5893807 5903131
Edge	258	92	309	0	0	0	578	-1
	Sequence	+edge_130_0_+disjointig_14_29278_58861 29583 6 135907 29278 58861
	Sequence	+edge_130_1_-disjointig_2_1041903_1071400 29497 -12 5912227 1041903 1071400
Edge	259	73	95	0	0	0	578	-1
	Sequence	-edge_130_0_+disjointig_14_29278_58861 29583 -6 135907 77045 106628
	Sequence	-edge_130_1_-disjointig_2_1041903_1071400 29497 12 5912227 4840826 4870323
Edge	260	94	72	0	0	0	510	-1
	Sequence	+edge_131_0_+disjointig_2_4928625_4962968 34343 12 5912227 4928625 4962968
	Sequence	+edge_131_1_+disjointig_55_14919_49139 34220 42 98498 14919 49139
Edge	261	69	93	0	0	0	510	-1
	Sequence	-edge_131_0_+disjointig_2_4928625_4962968 34343 -12 5912227 949258 983601
	Sequence	-edge_131_1_+disjointig_55_14919_49139 34220 -42 98498 49358 83578
Edge	262	239	239	1	0	0	594	6
	Sequence	+edge_132_0_+disjointig_14_58861_76360 17499 6 135907 58861 76360
Edge	263	152	152	1	0	0	594	7
	Sequence	-edge_132_0_+disjointig_14_58861_76360 17499 -6 135907 59546 77045
Edge	278	110	126	1	0	0	354	32
	Sequence	+edge_140_0_+disjointig_15_105262_118289 13027 7 181432 105262 118289
Edge	279	180	109	1	0	0	354	33
	Sequence	-edge_140_0_+disjointig_15_105262_118289 13027 -7 181432 63142 76169
Edge	280	110	126	1	0	0	202	32
	Sequence	+edge_141_0_-disjointig_2_3151761_3154279 2518 -12 5912227 3151761 3154279
	Sequence	+edge_141_1_+disjointig_62_31481_33883 2402 50 82200 31481 33883
Edge	281	180	109	1	0	0	202	33
	Sequence	-edge_141_0_-disjointig_2_3151761_3154279 2518 12 5912227 2757947 2760465
	Sequence	-edge_141_1_+disjointig_62_31481_33883 2402 -50 82200 48316 50718
Edge	282	62	68	0	0	0	544	-1
	Sequence	+edge_142_0_+disjointig_15_118289_119526 1237 7 181432 118289 119526
	Sequence	+edge_142_1_-disjointig_2_3154279_3155500 1221 -12 5912227 3154279 3155500
	Sequence	+edge_142_2_+disjointig_62_33883_35115 1232 50 82200 33883 35115
Edge	283	65	64	0	0	0	544	-1
	Sequence	-edge_142_0_+disjointig_15_118289_119526 1237 -7 181432 61905 63142
	Sequence	-edge_142_1_-disjointig_2_3154279_3155500 1221 12 5912227 2756726 2757947
	Sequence	-edge_142_2_+disjointig_62_33883_35115 1232 -50 82200 47084 48316
Edge	284	174	256	1	0	0	439	34
	Sequence	+edge_143_0_+disjointig_15_119526_121946 2420 7 181432 119526 121946
	Sequence	+edge_143_1_-disjointig_2_3155500_3157887 2387 -12 5912227 3155500 3157887
Edge	285	114	107	1	0	0	439	35
	Sequence	-edge_143_0_+disjointig_15_119526_121946 2420 -7 181432 59485 61905
	Sequence	-edge_143_1_-disjointig_2_3155500_3157887 2387 12 5912227 2754339 2756726
Edge	286	174	256	1	0	0	114	34
	Sequence	+edge_144_0_+disjointig_62_35115_36031 916 50 82200 35115 36031
Edge	287	114	107	1	0	0	114	35
	Sequence	-edge_144_0_+disjointig_62_35115_36031 916 -50 82200 46168 47084
Edge	298	351	138	1	0	0	156	36
	Sequence	+edge_150_0_+disjointig_16_40216_40824 608 8 62644 40216 40824
	Sequence	+edge_150_1_-disjointig_19_36711_37321 610 -11 205245 36711 37321
Edge	299	113	197	1	0	0	156	37
	Sequence	-edge_150_0_+disjointig_16_40216_40824 608 -8 62644 21819 22427
	Sequence	-edge_150_1_-disjointig_19_36711_37321 610 11 205245 167923 168533
Edge	300	351	138	1	0	0	338	36
	Sequence	+edge_151_0_+disjointig_2_3427305_3428920 1615 12 5912227 3427305 3428920
Edge	301	113	197	1	0	0	338	37
	Sequence	-edge_151_0_+disjointig_2_3427305_3428920 1615 -12 5912227 2483306 2484921
Edge	316	141	178	1	0	0	196	38
	Sequence	+edge_159_0_+disjointig_19_49318_53632 4314 11 205245 49318 53632
Edge	317	313	104	1	0	0	196	39
	Sequence	-edge_159_0_+disjointig_19_49318_53632 4314 -11 205245 151612 155926
Edge	318	141	178	1	0	0	370	38
	Sequence	+edge_160_0_-disjointig_2_2363186_2364000 814 -12 5912227 2363186 2364000
Edge	319	313	104	1	0	0	370	39
	Sequence	-edge_160_0_-disjointig_2_2363186_2364000 814 12 5912227 3548226 3549040
Edge	320	53	61	0	0	0	582	-1
	Sequence	+edge_161_0_+disjointig_19_53632_63457 9825 11 205245 53632 63457
	Sequence	+edge_161_1_-disjointig_2_2364000_2374192 10192 -12 5912227 2364000 2374192
Edge	321	58	57	0	0	0	582	-1
	Sequence	-edge_161_0_+disjointig_19_53632_63457 9825 -11 205245 141787 151612
	Sequence	-edge_161_1_-disjointig_2_2364000_2374192 10192 12 5912227 3538034 3548226
Edge	322	159	210	1	0	0	176	40
	Sequence	+edge_162_0_+disjointig_19_63457_66734 3277 11 205245 63457 66734
Edge	323	100	102	1	0	0	176	41
	Sequence	-edge_162_0_+disjointig_19_63457_66734 3277 -11 205245 138510 141787
Edge	324	159	210	1	0	0	377	40
	Sequence	+edge_163_0_-disjointig_2_2374192_2376831 2639 -12 5912227 2374192 2376831
Edge	325	100	102	1	0	0	377	41
	Sequence	-edge_163_0_-disjointig_2_2374192_2376831 2639 12 5912227 3535395 3538034
Edge	326	60	223	0	0	0	530	-1
	Sequence	+edge_164_0_+disjointig_19_66734_105180 38446 11 205245 66734 105180
	Sequence	+edge_164_1_-disjointig_2_2376831_2415443 38612 -12 5912227 2376831 2415443
Edge	327	361	59	0	0	0	530	-1
	Sequence	-edge_164_0_+disjointig_19_66734_105180 38446 -11 205245 100064 138510
	Sequence	-edge_164_1_-disjointig_2_2376831_2415443 38612 12 5912227 3496783 3535395
Edge	328	223	409	0	0	0	722	-1
	Sequence	+edge_165_0_+disjointig_19_105180_106726 1546 11 205245 105180 106726
	Sequence	+edge_165_1_-disjointig_2_2420820_2422361 1541 -12 5912227 2420820 2422361
	Sequence	+edge_165_2_-disjointig_2_2415443_2416981 1538 -12 5912227 2415443 2416981
Edge	329	186	361	0	0	0	722	-1
	Sequence	-edge_165_0_+disjointig_19_105180_106726 1546 -11 205245 98518 100064
	Sequence	-edge_165_1_-disjointig_2_2420820_2422361 1541 12 5912227 3489865 3491406
	Sequence	-edge_165_2_-disjointig_2_2415443_2416981 1538 12 5912227 3495245 3496783
Edge	334	120	259	0	0	1	2365	-1
	Sequence	+edge_168_0_+disjointig_2_18241_47494 29253 12 5912227 18241 47494
	Sequence	+edge_168_1_+disjointig_2_122693_151503 28810 12 5912227 122693 151503
	Sequence	+edge_168_2_+disjointig_3_1520213_1549416 29203 22 1566542 1520213 1549416
Edge	335	379	97	0	0	1	2365	-1
	Sequence	-edge_168_0_+disjointig_2_18241_47494 29253 -12 5912227 5864732 5893985
	Sequence	-edge_168_1_+disjointig_2_122693_151503 28810 -12 5912227 5760723 5789533
	Sequence	-edge_168_2_+disjointig_3_1520213_1549416 29203 -22 1566542 17125 46328
Edge	336	165	129	0	0	0	542	-1
	Sequence	+edge_169_0_-disjointig_3_46328_179446 133118 -22 1566542 46328 179446
Edge	337	326	373	0	0	0	542	-1
	Sequence	-edge_169_0_-disjointig_3_46328_179446 133118 22 1566542 1387095 1520213
Edge	342	419	367	0	0	0	448	-1
	Sequence	+edge_172_0_+disjointig_2_151503_201116 49613 12 5912227 151503 201116
Edge	343	181	418	0	0	0	448	-1
	Sequence	-edge_172_0_+disjointig_2_151503_201116 49613 -12 5912227 5711110 5760723
Edge	346	414	417	0	0	0	596	-1
	Sequence	+edge_174_0_-disjointig_2_5667193_5701746 34553 -12 5912227 5667193 5701746
Edge	347	415	199	0	0	0	596	-1
	Sequence	-edge_174_0_-disjointig_2_5667193_5701746 34553 12 5912227 210480 245033
Edge	352	320	268	1	0	0	172	42
	Sequence	+edge_177_0_+disjointig_2_492884_496791 3907 12 5912227 492884 496791
Edge	353	405	265	1	0	0	172	43
	Sequence	-edge_177_0_+disjointig_2_492884_496791 3907 -12 5912227 5415435 5419342
Edge	354	320	268	1	0	0	266	42
	Sequence	+edge_178_0_-disjointig_60_67537_69468 1931 -48 103513 67537 69468
Edge	355	405	265	1	0	0	266	43
	Sequence	-edge_178_0_-disjointig_60_67537_69468 1931 48 103513 34044 35975
Edge	366	254	254	1	0	0	1100	-1
	Sequence	+edge_184_0_+disjointig_21_112559_129708 17149 14 198135 112559 129708
Edge	367	235	235	1	0	0	1100	-1
	Sequence	-edge_184_0_+disjointig_21_112559_129708 17149 -14 198135 68426 85575
Edge	368	411	52	0	0	0	532	-1
	Sequence	+edge_185_0_+disjointig_2_1002658_1020502 17844 12 5912227 1002658 1020502
	Sequence	+edge_185_1_+disjointig_21_129708_147506 17798 14 198135 129708 147506
Edge	369	135	372	0	0	0	532	-1
	Sequence	-edge_185_0_+disjointig_2_1002658_1020502 17844 -12 5912227 4891724 4909568
	Sequence	-edge_185_1_+disjointig_21_129708_147506 17798 -14 198135 50628 68426
Edge	370	269	263	1	0	0	244	44
	Sequence	+edge_186_0_+disjointig_2_1020502_1037516 17014 12 5912227 1020502 1037516
Edge	371	271	270	1	0	0	244	45
	Sequence	-edge_186_0_+disjointig_2_1020502_1037516 17014 -12 5912227 4874710 4891724
Edge	372	269	263	1	0	0	245	44
	Sequence	+edge_187_0_+disjointig_21_147506_181994 34488 14 198135 147506 181994
Edge	373	271	270	1	0	0	245	45
	Sequence	-edge_187_0_+disjointig_21_147506_181994 34488 -14 198135 16140 50628
Edge	378	125	273	1	0	0	1098	-1
	Sequence	+edge_190_0_+disjointig_2_1076422_1090008 13586 12 5912227 1076422 1090008
	Sequence	+edge_190_1_-disjointig_2_4806956_4820547 13591 -12 5912227 4806956 4820547
Edge	379	274	123	1	0	0	1098	-1
	Sequence	-edge_190_0_+disjointig_2_1076422_1090008 13586 -12 5912227 4822218 4835804
	Sequence	-edge_190_1_-disjointig_2_4806956_4820547 13591 12 5912227 1091679 1105270
Edge	382	273	274	1	0	0	547	-1
	Sequence	+edge_192_0_+disjointig_2_1090008_1091679 1671 12 5912227 1090008 1091679
Edge	383	273	274	1	0	0	547	-1
	Sequence	-edge_192_0_+disjointig_2_1090008_1091679 1671 -12 5912227 4820547 4822218
Edge	388	276	397	0	0	0	412	-1
	Sequence	+edge_195_0_+disjointig_5_24998_139227 114229 38 851818 24998 139227
Edge	389	217	122	0	0	0	412	-1
	Sequence	-edge_195_0_+disjointig_5_24998_139227 114229 -38 851818 712590 826819
Edge	392	277	280	1	0	0	1016	46
	Sequence	+edge_197_0_+disjointig_2_1352240_1361476 9236 12 5912227 1352240 1361476
Edge	393	281	278	1	0	0	1016	47
	Sequence	-edge_197_0_+disjointig_2_1352240_1361476 9236 -12 5912227 4550750 4559986
Edge	394	277	280	1	0	0	310	46
	Sequence	+edge_198_0_-disjointig_9_33837_43105 9268 -53 63388 33837 43105
Edge	395	281	278	1	0	0	310	47
	Sequence	-edge_198_0_-disjointig_9_33837_43105 9268 53 63388 20282 29550
Edge	406	284	161	0	0	1	0	-1
	Sequence	+edge_204_0_+disjointig_2_1799756_1803394 3638 12 5912227 1799756 1803394
Edge	407	284	161	0	0	1	0	-1
	Sequence	-edge_204_0_+disjointig_2_1799756_1803394 3638 -12 5912227 4108832 4112470
Edge	410	163	163	1	0	0	163	8
	Sequence	+edge_206_0_+disjointig_52_60665_72804 12139 40 119090 60665 72804
Edge	411	286	286	1	0	0	163	9
	Sequence	-edge_206_0_+disjointig_52_60665_72804 12139 -40 119090 46285 58424
Edge	420	175	288	1	0	0	158	48
	Sequence	+edge_211_0_+disjointig_2_2333581_2353686 20105 12 5912227 2333581 2353686
Edge	421	137	287	1	0	0	158	49
	Sequence	-edge_211_0_+disjointig_2_2333581_2353686 20105 -12 5912227 3558540 3578645
Edge	422	175	288	1	0	0	316	48
	Sequence	+edge_212_0_-disjointig_42_80597_84277 3680 -32 178929 80597 84277
Edge	423	137	287	1	0	0	316	49
	Sequence	-edge_212_0_-disjointig_42_80597_84277 3680 32 178929 94651 98331
Edge	424	44	50	0	0	0	591	-1
	Sequence	+edge_213_0_+disjointig_2_2353686_2370363 16677 12 5912227 2353686 2370363
	Sequence	+edge_213_1_-disjointig_42_84277_101199 16922 -32 178929 84277 101199
Edge	425	242	47	0	0	0	591	-1
	Sequence	-edge_213_0_+disjointig_2_2353686_2370363 16677 -12 5912227 3541863 3558540
	Sequence	-edge_213_1_-disjointig_42_84277_101199 16922 32 178929 77729 94651
Edge	426	289	289	1	0	0	296	10
	Sequence	+edge_214_0_-disjointig_42_101199_119063 17864 -32 178929 101199 119063
Edge	427	118	118	1	0	0	296	11
	Sequence	-edge_214_0_-disjointig_42_101199_119063 17864 32 178929 59865 77729
Edge	436	291	293	1	0	1	141	-1
	Sequence	+edge_219_0_+disjointig_2_2445978_2446951 973 12 5912227 2445978 2446951
	Sequence	+edge_219_1_+disjointig_2_2472487_2473460 973 12 5912227 2472487 2473460
	Sequence	+edge_219_2_-disjointig_25_94998_96434 1436 -18 129922 94998 96434
	Sequence	+edge_219_3_-disjointig_25_69582_70530 948 -18 129922 69582 70530
Edge	437	291	293	1	0	1	141	-1
	Sequence	-edge_219_0_+disjointig_2_2445978_2446951 973 -12 5912227 3465275 3466248
	Sequence	-edge_219_1_+disjointig_2_2472487_2473460 973 -12 5912227 3438766 3439739
	Sequence	-edge_219_2_-disjointig_25_94998_96434 1436 18 129922 33487 34923
	Sequence	-edge_219_3_-disjointig_25_69582_70530 948 18 129922 59391 60339
Edge	438	293	267	1	0	1	314	-1
	Sequence	+edge_220_0_+disjointig_2_2446951_2453198 6247 12 5912227 2446951 2453198
	Sequence	+edge_220_1_-disjointig_2_3439739_3446894 7155 -12 5912227 3439739 3446894
	Sequence	+edge_220_2_+disjointig_2_2473460_2479738 6278 12 5912227 2473460 2479738
	Sequence	+edge_220_3_-disjointig_25_96434_102713 6279 -18 129922 96434 102713
	Sequence	+edge_220_4_+disjointig_25_34923_41155 6232 18 129922 34923 41155
	Sequence	+edge_220_5_-disjointig_25_70530_76718 6188 -18 129922 70530 76718
Edge	439	294	291	1	0	1	314	-1
	Sequence	-edge_220_0_+disjointig_2_2446951_2453198 6247 -12 5912227 3459028 3465275
	Sequence	-edge_220_1_-disjointig_2_3439739_3446894 7155 12 5912227 2465332 2472487
	Sequence	-edge_220_2_+disjointig_2_2473460_2479738 6278 -12 5912227 3432488 3438766
	Sequence	-edge_220_3_-disjointig_25_96434_102713 6279 18 129922 27208 33487
	Sequence	-edge_220_4_+disjointig_25_34923_41155 6232 -18 129922 88766 94998
	Sequence	-edge_220_5_-disjointig_25_70530_76718 6188 18 129922 53203 59391
Edge	440	267	296	1	0	1	255	-1
	Sequence	+edge_221_0_+disjointig_2_2453198_2454816 1618 12 5912227 2453198 2454816
	Sequence	+edge_221_1_-disjointig_2_3446894_3448485 1591 -12 5912227 3446894 3448485
	Sequence	+edge_221_2_+disjointig_25_41155_42766 1611 18 129922 41155 42766
	Sequence	+edge_221_3_-disjointig_25_76718_78280 1562 -18 129922 76718 78280
Edge	441	298	294	1	0	1	255	-1
	Sequence	-edge_221_0_+disjointig_2_2453198_2454816 1618 -12 5912227 3457410 3459028
	Sequence	-edge_221_1_-disjointig_2_3446894_3448485 1591 12 5912227 2463741 2465332
	Sequence	-edge_221_2_+disjointig_25_41155_42766 1611 -18 129922 87155 88766
	Sequence	-edge_221_3_-disjointig_25_76718_78280 1562 18 129922 51641 53203
Edge	444	296	298	0	0	1	198	-1
	Sequence	+edge_223_0_+disjointig_2_2454816_2463741 8925 12 5912227 2454816 2463741
	Sequence	+edge_223_1_-disjointig_25_78280_87155 8875 -18 129922 78280 87155
Edge	445	296	298	0	0	1	198	-1
	Sequence	-edge_223_0_+disjointig_2_2454816_2463741 8925 -12 5912227 3448485 3457410
	Sequence	-edge_223_1_-disjointig_25_78280_87155 8875 18 129922 42766 51641
Edge	450	191	230	1	0	0	253	-1
	Sequence	+edge_226_0_+disjointig_2_3974338_4007636 33298 12 5912227 3974338 4007636
	Sequence	+edge_226_1_+disjointig_2_5849962_5883099 33137 12 5912227 5849962 5883099
Edge	451	301	292	1	0	0	253	-1
	Sequence	-edge_226_0_+disjointig_2_3974338_4007636 33298 -12 5912227 1904590 1937888
	Sequence	-edge_226_1_+disjointig_2_5849962_5883099 33137 -12 5912227 29127 62264
Edge	452	292	306	0	0	0	196	-1
	Sequence	+edge_227_0_-disjointig_2_62264_74596 12332 -12 5912227 62264 74596
Edge	453	304	191	0	0	0	196	-1
	Sequence	-edge_227_0_-disjointig_2_62264_74596 12332 12 5912227 5837630 5849962
Edge	456	301	397	1	0	0	403	-1
	Sequence	+edge_229_0_-disjointig_2_82979_115867 32888 -12 5912227 82979 115867
Edge	457	217	230	1	0	0	403	-1
	Sequence	-edge_229_0_-disjointig_2_82979_115867 32888 12 5912227 5796359 5829247
Edge	464	304	308	0	0	0	152	-1
	Sequence	+edge_233_0_+disjointig_2_4015975_4018345 2370 12 5912227 4015975 4018345
Edge	465	310	306	0	0	0	152	-1
	Sequence	-edge_233_0_+disjointig_2_4015975_4018345 2370 -12 5912227 1893881 1896251
Edge	466	304	308	1	0	0	74	-1
	Sequence	+edge_234_0_+disjointig_2_5891582_5893807 2225 12 5912227 5891582 5893807
Edge	467	310	306	1	0	0	74	-1
	Sequence	-edge_234_0_+disjointig_2_5891582_5893807 2225 -12 5912227 18419 20644
Edge	468	304	338	0	0	0	544	-1
	Sequence	+edge_235_0_+disjointig_3_28586_348736 320150 22 1566542 28586 348736
Edge	469	206	306	0	0	0	544	-1
	Sequence	-edge_235_0_+disjointig_3_28586_348736 320150 -22 1566542 1217805 1537955
Edge	474	384	355	0	0	0	186	-1
	Sequence	+edge_238_0_-disjointig_38_17065_38090 21025 -27 38091 17065 38090
Edge	475	353	354	0	0	0	186	-1
	Sequence	-edge_238_0_-disjointig_38_17065_38090 21025 27 38091 0 21025
Edge	480	314	119	1	0	0	552	50
	Sequence	+edge_241_0_+disjointig_2_4533162_4549896 16734 12 5912227 4533162 4549896
Edge	481	316	112	1	0	0	552	51
	Sequence	-edge_241_0_+disjointig_2_4533162_4549896 16734 -12 5912227 1362330 1379064
Edge	482	314	119	1	0	0	169	50
	Sequence	+edge_242_0_-disjointig_23_44817_45397 580 -16 76219 44817 45397
Edge	483	316	112	1	0	0	169	51
	Sequence	-edge_242_0_-disjointig_23_44817_45397 580 16 76219 30821 31401
Edge	486	317	295	1	0	0	318	52
	Sequence	+edge_244_0_+disjointig_2_4962968_4981166 18198 12 5912227 4962968 4981166
Edge	487	318	105	1	0	0	318	53
	Sequence	-edge_244_0_+disjointig_2_4962968_4981166 18198 -12 5912227 931060 949258
Edge	488	317	295	1	0	0	158	52
	Sequence	+edge_245_0_+disjointig_55_49139_51911 2772 42 98498 49139 51911
Edge	489	318	105	1	0	0	158	53
	Sequence	-edge_245_0_+disjointig_55_49139_51911 2772 -42 98498 46586 49358
Edge	496	321	204	1	0	0	414	54
	Sequence	+edge_249_0_+disjointig_2_5399575_5402287 2712 12 5912227 5399575 5402287
Edge	497	243	322	1	0	0	414	55
	Sequence	-edge_249_0_+disjointig_2_5399575_5402287 2712 -12 5912227 509939 512651
Edge	498	321	204	1	0	0	182	54
	Sequence	+edge_250_0_+disjointig_50_107666_108474 808 39 154804 107666 108474
Edge	499	243	322	1	0	0	182	55
	Sequence	-edge_250_0_+disjointig_50_107666_108474 808 -39 154804 46329 47137
Edge	506	324	358	0	0	0	340	-1
	Sequence	+edge_254_0_+disjointig_2_5752189_5788198 36009 12 5912227 5752189 5788198
Edge	507	250	323	0	0	0	340	-1
	Sequence	-edge_254_0_+disjointig_2_5752189_5788198 36009 -12 5912227 124028 160037
Edge	508	162	360	0	0	0	136	-1
	Sequence	+edge_255_0_-disjointig_49_66892_129545 62653 -37 129546 66892 129545
Edge	509	234	225	0	0	0	136	-1
	Sequence	-edge_255_0_-disjointig_49_66892_129545 62653 37 129546 0 62653
Edge	510	358	217	1	0	0	1009	-1
	Sequence	+edge_256_0_+disjointig_2_5788198_5796359 8161 12 5912227 5788198 5796359
	Sequence	+edge_256_1_-disjointig_5_704411_712590 8179 -38 851818 704411 712590
Edge	511	397	250	1	0	0	1009	-1
	Sequence	-edge_256_0_+disjointig_2_5788198_5796359 8161 -12 5912227 115867 124028
	Sequence	-edge_256_1_-disjointig_5_704411_712590 8179 38 851818 139227 147406
Edge	524	193	128	1	0	0	102	29
	Sequence	+edge_263_0_+disjointig_29_11504_27706 16202 21 52217 11504 27706
Edge	525	337	334	1	0	0	102	28
	Sequence	-edge_263_0_+disjointig_29_11504_27706 16202 -21 52217 24510 40712
Edge	528	338	339	1	0	1	649	-1
	Sequence	+edge_265_0_+disjointig_3_348736_356597 7861 22 1566542 348736 356597
	Sequence	+edge_265_1_+disjointig_3_361642_369512 7870 22 1566542 361642 369512
	Sequence	+edge_265_2_+disjointig_3_395046_402932 7886 22 1566542 395046 402932
	Sequence	+edge_265_3_+disjointig_3_408549_416439 7890 22 1566542 408549 416439
Edge	529	340	206	1	0	1	649	-1
	Sequence	-edge_265_0_+disjointig_3_348736_356597 7861 -22 1566542 1209944 1217805
	Sequence	-edge_265_1_+disjointig_3_361642_369512 7870 -22 1566542 1197029 1204899
	Sequence	-edge_265_2_+disjointig_3_395046_402932 7886 -22 1566542 1163609 1171495
	Sequence	-edge_265_3_+disjointig_3_408549_416439 7890 -22 1566542 1150102 1157992
Edge	530	206	343	1	0	1	66	-1
	Sequence	+edge_266_0_-disjointig_3_1204899_1205741 842 -22 1566542 1204899 1205741
	Sequence	+edge_266_1_-disjointig_3_1171495_1172323 828 -22 1566542 1171495 1172323
	Sequence	+edge_266_2_-disjointig_3_1157992_1158843 851 -22 1566542 1157992 1158843
Edge	531	341	338	1	0	1	66	-1
	Sequence	-edge_266_0_-disjointig_3_1204899_1205741 842 22 1566542 360800 361642
	Sequence	-edge_266_1_-disjointig_3_1171495_1172323 828 22 1566542 394218 395046
	Sequence	-edge_266_2_-disjointig_3_1157992_1158843 851 22 1566542 407698 408549
Edge	532	339	302	0	0	0	280	-1
	Sequence	+edge_267_0_+disjointig_3_369512_390006 20494 22 1566542 369512 390006
Edge	533	421	340	0	0	0	280	-1
	Sequence	-edge_267_0_+disjointig_3_369512_390006 20494 -22 1566542 1176535 1197029
Edge	540	345	346	1	0	0	254	56
	Sequence	+edge_271_0_+disjointig_33_66832_75396 8564 24 140433 66832 75396
Edge	541	348	205	1	0	0	254	57
	Sequence	-edge_271_0_+disjointig_33_66832_75396 8564 -24 140433 65036 73600
Edge	542	345	346	1	0	0	608	56
	Sequence	+edge_272_0_+disjointig_61_66685_85040 18355 49 125963 66685 85040
Edge	543	348	205	1	0	0	608	57
	Sequence	-edge_272_0_+disjointig_61_66685_85040 18355 -49 125963 40922 59277
Edge	546	350	350	1	0	0	326	12
	Sequence	+edge_274_0_+disjointig_34_77408_92699 15291 25 166734 77408 92699
Edge	547	255	255	1	0	0	326	13
	Sequence	-edge_274_0_+disjointig_34_77408_92699 15291 -25 166734 74034 89325
Edge	560	247	329	1	0	0	114	58
	Sequence	+edge_281_0_+disjointig_54_41086_43086 2000 41 95275 41086 43086
Edge	561	331	216	1	0	0	114	59
	Sequence	-edge_281_0_+disjointig_54_41086_43086 2000 -41 95275 52188 54188
Edge	566	362	142	0	0	0	1124	-1
	Sequence	+edge_284_0_+disjointig_5_763899_772538 8639 38 851818 763899 772538
	Sequence	+edge_284_1_-disjointig_5_60678_69303 8625 -38 851818 60678 69303
Edge	567	154	219	0	0	0	1124	-1
	Sequence	-edge_284_0_+disjointig_5_763899_772538 8639 -38 851818 79279 87918
	Sequence	-edge_284_1_-disjointig_5_60678_69303 8625 38 851818 782514 791139
Edge	568	387	261	0	0	0	456	-1
	Sequence	+edge_285_0_+disjointig_5_791139_851817 60678 38 851818 791139 851817
Edge	569	365	374	0	0	0	456	-1
	Sequence	-edge_285_0_+disjointig_5_791139_851817 60678 -38 851818 0 60678
Edge	570	142	154	0	0	0	536	-1
	Sequence	+edge_286_0_+disjointig_5_772538_782514 9976 38 851818 772538 782514
Edge	571	142	154	0	0	0	536	-1
	Sequence	-edge_286_0_+disjointig_5_772538_782514 9976 -38 851818 69303 79279
Edge	572	375	262	0	0	0	6	-1
	Sequence	+edge_287_0_+disjointig_8_0_58222 58222 52 106845 0 58222
Edge	573	376	153	0	0	0	6	-1
	Sequence	-edge_287_0_+disjointig_8_0_58222 58222 -52 106845 48622 106844
Edge	574	262	381	0	0	0	3332	-1
	Sequence	+edge_288_0_+disjointig_8_58222_68066 9844 52 106845 58222 68066
	Sequence	+edge_288_1_-disjointig_8_10783_20623 9840 -52 106845 10783 20623
Edge	575	392	376	0	0	0	3332	-1
	Sequence	-edge_288_0_+disjointig_8_58222_68066 9844 -52 106845 38778 48622
	Sequence	-edge_288_1_-disjointig_8_10783_20623 9840 52 106845 86221 96061
Edge	576	388	342	0	0	0	270	-1
	Sequence	+edge_289_0_+disjointig_8_96061_106844 10783 52 106845 96061 106844
Edge	577	349	389	0	0	0	270	-1
	Sequence	-edge_289_0_+disjointig_8_96061_106844 10783 -52 106845 0 10783
Edge	578	381	392	1	0	0	2175	-1
	Sequence	+edge_290_0_+disjointig_8_68066_86221 18155 52 106845 68066 86221
Edge	579	381	392	1	0	0	2175	-1
	Sequence	-edge_290_0_+disjointig_8_68066_86221 18155 -52 106845 20623 38778
Edge	580	336	43	0	0	0	561	-1
	Sequence	+edge_291_0_+disjointig_1_36564_52240 15676 1 6292614 36564 52240
	Sequence	+edge_291_1_+disjointig_40_10591_26269 15678 30 77080 10591 26269
	Sequence	+edge_291_2_+disjointig_54_46913_62749 15836 41 95275 46913 62749
Edge	581	40	227	0	0	0	561	-1
	Sequence	-edge_291_0_+disjointig_1_36564_52240 15676 -1 6292614 6240373 6256049
	Sequence	-edge_291_1_+disjointig_40_10591_26269 15678 -30 77080 50810 66488
	Sequence	-edge_291_2_+disjointig_54_46913_62749 15836 -41 95275 32525 48361
Edge	582	42	394	0	0	0	508	-1
	Sequence	+edge_292_0_+disjointig_1_53480_1001144 947664 1 6292614 53480 1001144
Edge	583	393	41	0	0	0	508	-1
	Sequence	-edge_292_0_+disjointig_1_53480_1001144 947664 -1 6292614 5291469 6239133
Edge	584	240	378	0	0	1	679	-1
	Sequence	+edge_293_0_+disjointig_1_1001144_1019449 18305 1 6292614 1001144 1019449
	Sequence	+edge_293_1_-disjointig_1_5250851_5269212 18361 -1 6292614 5250851 5269212
Edge	585	391	172	0	0	1	679	-1
	Sequence	-edge_293_0_+disjointig_1_1001144_1019449 18305 -1 6292614 5273164 5291469
	Sequence	-edge_293_1_-disjointig_1_5250851_5269212 18361 1 6292614 1023401 1041762
Edge	586	172	192	0	0	0	533	-1
	Sequence	+edge_294_0_+disjointig_1_1041762_1086710 44948 1 6292614 1041762 1086710
	Sequence	+edge_294_1_-disjointig_33_11082_56334 45252 -24 140433 11082 56334
Edge	587	333	240	0	0	0	533	-1
	Sequence	-edge_294_0_+disjointig_1_1041762_1086710 44948 -1 6292614 5205903 5250851
	Sequence	-edge_294_1_-disjointig_33_11082_56334 45252 24 140433 84098 129350
Edge	588	226	311	0	0	0	532	-1
	Sequence	+edge_295_0_+disjointig_1_1091262_1443259 351997 1 6292614 1091262 1443259
Edge	589	176	168	0	0	0	532	-1
	Sequence	-edge_295_0_+disjointig_1_1091262_1443259 351997 -1 6292614 4849354 5201351
Edge	590	183	39	0	0	0	528	-1
	Sequence	+edge_296_0_+disjointig_1_1479798_2466761 986963 1 6292614 1479798 2466761
Edge	591	45	396	0	0	0	528	-1
	Sequence	-edge_296_0_+disjointig_1_1479798_2466761 986963 -1 6292614 3825852 4812815
Edge	592	307	305	0	0	0	532	-1
	Sequence	+edge_297_0_+disjointig_1_2466761_2767944 301183 1 6292614 2466761 2767944
Edge	593	212	38	0	0	0	532	-1
	Sequence	-edge_297_0_+disjointig_1_2466761_2767944 301183 -1 6292614 3524669 3825852
Edge	594	305	200	0	0	0	508	-1
	Sequence	+edge_298_0_+disjointig_1_2767944_3046935 278991 1 6292614 2767944 3046935
Edge	595	171	212	0	0	0	508	-1
	Sequence	-edge_298_0_+disjointig_1_2767944_3046935 278991 -1 6292614 3245678 3524669
Edge	596	200	36	0	0	0	517	-1
	Sequence	+edge_299_0_+disjointig_1_3046935_3231013 184078 1 6292614 3046935 3231013
Edge	597	34	171	0	0	0	517	-1
	Sequence	-edge_299_0_+disjointig_1_3046935_3231013 184078 -1 6292614 3061600 3245678
Edge	598	37	33	0	0	0	548	-1
	Sequence	+edge_300_0_+disjointig_1_3240635_4066775 826140 1 6292614 3240635 4066775
Edge	599	31	35	0	0	0	548	-1
	Sequence	-edge_300_0_+disjointig_1_3240635_4066775 826140 -1 6292614 2225838 3051978
Edge	600	32	78	0	0	0	568	-1
	Sequence	+edge_301_0_+disjointig_1_4074841_4226067 151226 1 6292614 4074841 4226067
Edge	601	79	385	0	0	0	568	-1
	Sequence	-edge_301_0_+disjointig_1_4074841_4226067 151226 -1 6292614 2066546 2217772
Edge	602	253	30	0	0	0	533	-1
	Sequence	+edge_302_0_+disjointig_1_4245444_4541596 296152 1 6292614 4245444 4541596
Edge	603	29	377	0	0	0	533	-1
	Sequence	-edge_302_0_+disjointig_1_4245444_4541596 296152 -1 6292614 1751017 2047169
Edge	604	108	297	0	0	0	560	-1
	Sequence	+edge_303_0_+disjointig_1_4547718_5214384 666666 1 6292614 4547718 5214384
Edge	605	395	208	0	0	0	560	-1
	Sequence	-edge_303_0_+disjointig_1_4547718_5214384 666666 -1 6292614 1078229 1744895
Edge	606	189	224	0	0	0	526	-1
	Sequence	+edge_304_0_+disjointig_1_5304572_5362102 57530 1 6292614 5304572 5362102
Edge	607	27	258	0	0	0	526	-1
	Sequence	-edge_304_0_+disjointig_1_5304572_5362102 57530 -1 6292614 930511 988041
Edge	608	164	26	0	0	0	520	-1
	Sequence	+edge_305_0_+disjointig_1_5376475_5437704 61229 1 6292614 5376475 5437704
	Sequence	+edge_305_1_+disjointig_1_6217507_6278915 61408 1 6292614 6217507 6278915
Edge	609	24	28	0	0	0	520	-1
	Sequence	-edge_305_0_+disjointig_1_5376475_5437704 61229 -1 6292614 854909 916138
	Sequence	-edge_305_1_+disjointig_1_6217507_6278915 61408 -1 6292614 13698 75106
Edge	610	86	144	0	0	0	526	-1
	Sequence	+edge_306_0_+disjointig_1_5444698_6073537 628839 1 6292614 5444698 6073537
Edge	611	198	25	0	0	0	526	-1
	Sequence	-edge_306_0_+disjointig_1_5444698_6073537 628839 -1 6292614 219076 847915
Edge	612	143	272	0	0	0	500	-1
	Sequence	+edge_307_0_+disjointig_1_6080672_6206695 126023 1 6292614 6080672 6206695
Edge	613	398	99	0	0	0	500	-1
	Sequence	-edge_307_0_+disjointig_1_6080672_6206695 126023 -1 6292614 85918 211941
Edge	614	19	150	0	0	0	534	-1
	Sequence	+edge_308_0_+disjointig_2_496791_706667 209876 12 5912227 496791 706667
Edge	615	139	22	0	0	0	534	-1
	Sequence	-edge_308_0_+disjointig_2_496791_706667 209876 -12 5912227 5205559 5415435
Edge	616	150	411	0	0	0	534	-1
	Sequence	+edge_309_0_+disjointig_2_706667_1002658 295991 12 5912227 706667 1002658
Edge	617	372	139	0	0	0	534	-1
	Sequence	-edge_309_0_+disjointig_2_706667_1002658 295991 -12 5912227 4909568 5205559
Edge	618	371	134	0	0	0	504	-1
	Sequence	+edge_310_0_-disjointig_6_0_814829 814829 -47 916342 0 814829
Edge	619	167	370	0	0	0	504	-1
	Sequence	-edge_310_0_-disjointig_6_0_814829 814829 47 916342 101512 916341
Edge	620	202	18	0	0	0	474	-1
	Sequence	+edge_311_0_-disjointig_5_436212_653424 217212 -38 851818 436212 653424
Edge	621	15	130	0	0	0	474	-1
	Sequence	-edge_311_0_-disjointig_5_436212_653424 217212 38 851818 198393 415605
Edge	622	246	249	0	0	0	540	-1
	Sequence	+edge_312_0_+disjointig_2_4027640_4169230 141590 12 5912227 4027640 4169230
Edge	623	312	237	0	0	0	540	-1
	Sequence	-edge_312_0_+disjointig_2_4027640_4169230 141590 -12 5912227 1742996 1884586
Edge	624	166	201	0	0	1	0	-1
	Sequence	+edge_313_0_-disjointig_2_1004294_1021200 16906 -12 5912227 1004294 1021200
Edge	625	166	201	0	0	1	0	-1
	Sequence	-edge_313_0_-disjointig_2_1004294_1021200 16906 12 5912227 4891026 4907932
Edge	628	416	14	0	0	0	556	-1
	Sequence	+edge_315_0_-disjointig_2_1071400_1362330 290930 -12 5912227 1071400 1362330
Edge	629	12	74	0	0	0	556	-1
	Sequence	-edge_315_0_-disjointig_2_1071400_1362330 290930 12 5912227 4549896 4840826
Edge	630	10	81	0	0	0	558	-1
	Sequence	+edge_316_0_-disjointig_2_2484921_3151761 666840 -12 5912227 2484921 3151761
Edge	631	63	173	0	0	0	558	-1
	Sequence	-edge_316_0_-disjointig_2_2484921_3151761 666840 12 5912227 2760465 3427305
Edge	632	67	315	0	0	0	552	-1
	Sequence	+edge_317_0_-disjointig_2_3157887_3432488 274601 -12 5912227 3157887 3432488
Edge	633	98	66	0	0	0	552	-1
	Sequence	-edge_317_0_-disjointig_2_3157887_3432488 274601 12 5912227 2479738 2754339
Edge	634	188	186	0	0	0	546	-1
	Sequence	+edge_318_0_-disjointig_19_37321_98518 61197 -11 205245 37321 98518
	Sequence	+edge_318_1_+disjointig_2_3428920_3489865 60945 12 5912227 3428920 3489865
Edge	635	409	11	0	0	0	546	-1
	Sequence	-edge_318_0_-disjointig_19_37321_98518 61197 11 205245 106726 167923
	Sequence	-edge_318_1_+disjointig_2_3428920_3489865 60945 -12 5912227 2422361 2483306
Edge	636	292	55	0	0	0	534	-1
	Sequence	+edge_319_0_-disjointig_2_1937888_2363186 425298 -12 5912227 1937888 2363186
Edge	637	56	191	0	0	0	534	-1
	Sequence	-edge_319_0_-disjointig_2_1937888_2363186 425298 12 5912227 3549040 3974338
Edge	638	259	120	0	0	0	298	-1
	Sequence	+edge_320_0_+disjointig_2_47494_122693 75199 12 5912227 47494 122693
Edge	639	97	379	0	0	0	298	-1
	Sequence	-edge_320_0_+disjointig_2_47494_122693 75199 -12 5912227 5789533 5864732
Edge	640	412	20	0	0	0	538	-1
	Sequence	+edge_321_0_+disjointig_2_254358_492884 238526 12 5912227 254358 492884
Edge	641	21	413	0	0	0	538	-1
	Sequence	-edge_321_0_+disjointig_2_254358_492884 238526 -12 5912227 5419342 5657868
Edge	642	71	125	0	0	0	470	-1
	Sequence	+edge_322_0_+disjointig_2_1037516_1076422 38906 12 5912227 1037516 1076422
Edge	643	123	51	0	0	0	470	-1
	Sequence	-edge_322_0_+disjointig_2_1037516_1076422 38906 -12 5912227 4835804 4874710
Edge	644	123	276	0	0	0	466	-1
	Sequence	+edge_323_0_+disjointig_2_1105270_1191003 85733 12 5912227 1105270 1191003
Edge	645	122	125	0	0	0	466	-1
	Sequence	-edge_323_0_+disjointig_2_1105270_1191003 85733 -12 5912227 4721223 4806956
Edge	646	276	9	0	0	0	466	-1
	Sequence	+edge_324_0_+disjointig_2_1191003_1352240 161237 12 5912227 1191003 1352240
Edge	647	8	122	0	0	0	466	-1
	Sequence	-edge_324_0_+disjointig_2_1191003_1352240 161237 -12 5912227 4559986 4721223
Edge	648	111	408	0	0	0	516	-1
	Sequence	+edge_325_0_+disjointig_2_1361476_1783213 421737 12 5912227 1361476 1783213
Edge	649	218	54	0	0	0	516	-1
	Sequence	-edge_325_0_+disjointig_2_1361476_1783213 421737 -12 5912227 4129013 4550750
Edge	650	279	7	0	0	0	536	-1
	Sequence	+edge_326_0_+disjointig_2_1819917_1887335 67418 12 5912227 1819917 1887335
Edge	651	4	406	0	0	0	536	-1
	Sequence	-edge_326_0_+disjointig_2_1819917_1887335 67418 -12 5912227 4024891 4092309
Edge	652	6	46	0	0	0	530	-1
	Sequence	+edge_327_0_+disjointig_2_1887335_2333581 446246 12 5912227 1887335 2333581
Edge	653	89	5	0	0	0	530	-1
	Sequence	-edge_327_0_+disjointig_2_1887335_2333581 446246 -12 5912227 3578645 4024891
Edge	654	49	300	0	0	0	538	-1
	Sequence	+edge_328_0_+disjointig_2_2370363_2445978 75615 12 5912227 2370363 2445978
Edge	655	184	48	0	0	0	538	-1
	Sequence	-edge_328_0_+disjointig_2_2370363_2445978 75615 -12 5912227 3466248 3541863
Edge	656	230	304	1	0	0	756	-1
	Sequence	+edge_329_0_+disjointig_2_4007636_4015975 8339 12 5912227 4007636 4015975
	Sequence	+edge_329_1_+disjointig_2_5829247_5837630 8383 12 5912227 5829247 5837630
	Sequence	+edge_329_2_+disjointig_2_5883099_5891582 8483 12 5912227 5883099 5891582
	Sequence	+edge_329_3_+disjointig_3_20093_28586 8493 22 1566542 20093 28586
Edge	657	306	301	1	0	0	756	-1
	Sequence	-edge_329_0_+disjointig_2_4007636_4015975 8339 -12 5912227 1896251 1904590
	Sequence	-edge_329_1_+disjointig_2_5829247_5837630 8383 -12 5912227 74596 82979
	Sequence	-edge_329_2_+disjointig_2_5883099_5891582 8483 -12 5912227 20644 29127
	Sequence	-edge_329_3_+disjointig_3_20093_28586 8493 -22 1566542 1537955 1546448
Edge	658	249	330	0	0	0	516	-1
	Sequence	+edge_330_0_+disjointig_2_4169230_4533162 363932 12 5912227 4169230 4533162
Edge	659	13	312	0	0	0	516	-1
	Sequence	-edge_330_0_+disjointig_2_4169230_4533162 363932 -12 5912227 1379064 1742996
Edge	660	70	3	0	0	0	526	-1
	Sequence	+edge_331_0_+disjointig_2_4981166_5399575 418409 12 5912227 4981166 5399575
Edge	661	229	266	0	0	0	526	-1
	Sequence	-edge_331_0_+disjointig_2_4981166_5399575 418409 -12 5912227 512651 931060
Edge	662	23	324	0	0	0	544	-1
	Sequence	+edge_332_0_+disjointig_2_5402287_5752189 349902 12 5912227 5402287 5752189
Edge	663	323	2	0	0	0	544	-1
	Sequence	-edge_332_0_+disjointig_2_5402287_5752189 349902 -12 5912227 160037 509939
Edge	664	250	16	0	0	0	416	-1
	Sequence	+edge_333_0_+disjointig_5_147406_162004 14598 38 851818 147406 162004
Edge	665	17	358	0	0	0	416	-1
	Sequence	-edge_333_0_+disjointig_5_147406_162004 14598 -38 851818 689813 704411
Edge	666	129	420	0	0	0	546	-1
	Sequence	+edge_334_0_-disjointig_3_179446_1145671 966225 -22 1566542 179446 1145671
Edge	667	96	326	0	0	0	546	-1
	Sequence	-edge_334_0_-disjointig_3_179446_1145671 966225 22 1566542 420870 1387095
Edge	668	339	341	1	0	1	344	-1
	Sequence	+edge_335_0_+disjointig_3_356597_360800 4203 22 1566542 356597 360800
	Sequence	+edge_335_1_+disjointig_3_390006_394218 4212 22 1566542 390006 394218
	Sequence	+edge_335_2_+disjointig_3_402932_407698 4766 22 1566542 402932 407698
	Sequence	+edge_335_3_+disjointig_3_416439_420870 4431 22 1566542 416439 420870
Edge	669	343	340	1	0	1	344	-1
	Sequence	-edge_335_0_+disjointig_3_356597_360800 4203 -22 1566542 1205741 1209944
	Sequence	-edge_335_1_+disjointig_3_390006_394218 4212 -22 1566542 1172323 1176535
	Sequence	-edge_335_2_+disjointig_3_402932_407698 4766 -22 1566542 1158843 1163609
	Sequence	-edge_335_3_+disjointig_3_416439_420870 4431 -22 1566542 1145671 1150102
Edge	670	219	1	0	0	0	475	-1
	Sequence	+edge_336_0_-disjointig_5_87918_417540 329622 -38 851818 87918 417540
Edge	671	410	362	0	0	0	475	-1
	Sequence	-edge_336_0_-disjointig_5_87918_417540 329622 38 851818 434277 763899
Edge	672	283	400	0	0	0	502	-1
	Sequence	+edge_337_0_+disjointig_34_92699_108645 15946 25 166734 92699 108645
	Sequence	+edge_337_1_-disjointig_5_417540_433675 16135 -38 851818 417540 433675
Edge	673	352	0	0	0	0	502	-1
	Sequence	-edge_337_0_+disjointig_34_92699_108645 15946 -25 166734 58088 74034
	Sequence	-edge_337_1_-disjointig_5_417540_433675 16135 38 851818 418142 434277
Edge	674	356	88	0	0	0	464	-1
	Sequence	+edge_338_0_+disjointig_4_0_399940 399940 29 453533 0 399940
Edge	675	90	359	0	0	0	464	-1
	Sequence	-edge_338_0_+disjointig_4_0_399940 399940 -29 453533 53592 453532
Edge	676	247	329	1	0	0	180	58
	Sequence	+edge_339_0_+disjointig_4_399940_436680 36740 29 453533 399940 436680
Edge	677	331	216	1	0	0	180	59
	Sequence	-edge_339_0_+disjointig_4_399940_436680 36740 -29 453533 16852 53592
Edge	678	380	393	0	0	0	487	-1
	Sequence	+edge_340_0_+READID00001005787_5153_23469 18316 * 0 0 0
Edge	679	394	151	0	0	0	487	-1
	Sequence	-edge_340_0_+READID00001005787_5153_23469 18316 * 0 0 0
Edge	680	297	357	0	0	0	554	-1
	Sequence	+edge_341_0_+READID00000811100_9230_28620 19390 * 0 0 0
Edge	681	264	395	0	0	0	554	-1
	Sequence	-edge_341_0_+READID00000811100_9230_28620 19390 * 0 0 0
Edge	682	272	215	0	0	0	496	-1
	Sequence	+edge_342_0_-READID00000769588_16222_27030 10808 * 0 0 0
Edge	683	182	398	0	0	0	496	-1
	Sequence	-edge_342_0_-READID00000769588_16222_27030 10808 * 0 0 0
Edge	684	155	251	0	0	0	517	-1
	Sequence	+edge_343_0_+READID00000763808_17718_33924 16206 * 0 0 0
Edge	685	399	401	0	0	0	517	-1
	Sequence	-edge_343_0_+READID00000763808_17718_33924 16206 * 0 0 0
Edge	686	402	363	1	0	0	414	28
	Sequence	+edge_344_0_+READID00000271872_26121_33249 7128 * 0 0 0
Edge	687	403	115	1	0	0	414	29
	Sequence	-edge_344_0_+READID00000271872_26121_33249 7128 * 0 0 0
Edge	690	406	218	0	0	0	526	-1
	Sequence	+edge_346_0_+READID00000213710_581_36770 36189 * 0 0 0
Edge	691	408	279	0	0	0	526	-1
	Sequence	-edge_346_0_+READID00000213710_581_36770 36189 * 0 0 0
Edge	692	300	98	0	0	0	545	-1
	Sequence	+edge_347_0_-READID00000183345_10417_44183 33766 * 0 0 0
Edge	693	315	184	0	0	0	545	-1
	Sequence	-edge_347_0_-READID00000183345_10417_44183 33766 * 0 0 0
Edge	700	199	412	0	0	0	567	-1
	Sequence	+edge_351_0_+READID00000345614_15459_24739 9280 * 0 0 0
Edge	701	413	414	0	0	0	567	-1
	Sequence	-edge_351_0_+READID00000345614_15459_24739 9280 * 0 0 0
Edge	702	367	415	0	0	0	522	-1
	Sequence	+edge_352_0_+READID00000347979_5033_14310 9277 * 0 0 0
Edge	703	417	181	0	0	0	522	-1
	Sequence	-edge_352_0_+READID00000347979_5033_14310 9277 * 0 0 0
Edge	704	418	165	0	0	0	495	-1
	Sequence	+edge_353_0_-READID00000349697_15558_44003 28445 * 0 0 0
Edge	705	373	419	0	0	0	495	-1
	Sequence	-edge_353_0_-READID00000349697_15558_44003 28445 * 0 0 0
Edge	706	420	421	0	0	0	413	-1
	Sequence	+edge_354_0_+READID00000434025_6508_36883 30375 * 0 0 0
Edge	707	302	96	0	0	0	413	-1
	Sequence	-edge_354_0_+READID00000434025_6508_36883 30375 * 0 0 0
Edge	710	95	94	0	0	0	544	-1
	Sequence	+edge_356_0_+READID00000697902_14521_72911 58390 * 0 0 0
Edge	711	93	92	0	0	0	544	-1
	Sequence	-edge_356_0_+READID00000697902_14521_72911 58390 * 0 0 0
Edge	712	91	90	0	0	0	389	-1
	Sequence	+edge_357_haplotype 2000 * 0 0 0
Edge	713	88	87	0	0	0	389	-1
	Sequence	-edge_357_haplotype 2000 * 0 0 0
Edge	714	85	84	0	0	0	429	-1
	Sequence	+edge_358_haplotype 8564 * 0 0 0
Edge	715	83	82	0	0	0	429	-1
	Sequence	-edge_358_haplotype 8564 * 0 0 0
Edge	716	80	253	0	0	0	551	-1
	Sequence	+edge_359_haplotype 1077 * 0 0 0
Edge	717	377	390	0	0	0	551	-1
	Sequence	-edge_359_haplotype 1077 * 0 0 0
Edge	718	319	79	0	0	0	569	-1
	Sequence	+edge_360_haplotype 18544 * 0 0 0
Edge	719	78	77	0	0	0	569	-1
	Sequence	-edge_360_haplotype 18544 * 0 0 0
Edge	720	76	285	0	0	0	346	-1
	Sequence	+edge_361_haplotype 7115 * 0 0 0
Edge	721	136	75	0	0	0	346	-1
	Sequence	-edge_361_haplotype 7115 * 0 0 0
Edge	722	309	416	0	0	0	567	-1
	Sequence	+edge_362_haplotype 17499 * 0 0 0
Edge	723	74	73	0	0	0	567	-1
	Sequence	-edge_362_haplotype 17499 * 0 0 0
Edge	724	72	70	0	0	0	518	-1
	Sequence	+edge_363_haplotype 2772 * 0 0 0
Edge	725	266	69	0	0	0	518	-1
	Sequence	-edge_363_haplotype 2772 * 0 0 0
Edge	726	68	67	0	0	0	548	-1
	Sequence	+edge_364_haplotype 916 * 0 0 0
Edge	727	66	65	0	0	0	548	-1
	Sequence	-edge_364_haplotype 916 * 0 0 0
Edge	728	64	63	0	0	0	551	-1
	Sequence	+edge_365_haplotype 2518 * 0 0 0
Edge	729	81	62	0	0	0	551	-1
	Sequence	-edge_365_haplotype 2518 * 0 0 0
Edge	730	61	60	0	0	0	556	-1
	Sequence	+edge_366_haplotype 3277 * 0 0 0
Edge	731	59	58	0	0	0	556	-1
	Sequence	-edge_366_haplotype 3277 * 0 0 0
Edge	732	57	56	0	0	0	558	-1
	Sequence	+edge_367_haplotype 4314 * 0 0 0
Edge	733	55	53	0	0	0	558	-1
	Sequence	-edge_367_haplotype 4314 * 0 0 0
Edge	734	52	71	0	0	0	501	-1
	Sequence	+edge_368_haplotype 17014 * 0 0 0
Edge	735	51	135	0	0	0	501	-1
	Sequence	-edge_368_haplotype 17014 * 0 0 0
Edge	736	50	49	0	0	0	564	-1
	Sequence	+edge_369_haplotype 17864 * 0 0 0
Edge	737	48	242	0	0	0	564	-1
	Sequence	-edge_369_haplotype 17864 * 0 0 0
Edge	738	47	89	0	0	0	560	-1
	Sequence	+edge_370_haplotype 20105 * 0 0 0
Edge	739	46	44	0	0	0	560	-1
	Sequence	-edge_370_haplotype 20105 * 0 0 0
Edge	740	43	42	0	0	0	534	-1
	Sequence	+edge_371_haplotype 1240 * 0 0 0
Edge	741	41	40	0	0	0	534	-1
	Sequence	-edge_371_haplotype 1240 * 0 0 0
Edge	742	39	307	0	0	0	530	-1
	Sequence	+edge_372_haplotype 9905 * 0 0 0
Edge	743	38	45	0	0	0	530	-1
	Sequence	-edge_372_haplotype 9905 * 0 0 0
Edge	744	36	37	0	0	0	532	-1
	Sequence	+edge_373_haplotype 20653 * 0 0 0
Edge	745	35	34	0	0	0	532	-1
	Sequence	-edge_373_haplotype 20653 * 0 0 0
Edge	746	33	32	0	0	0	558	-1
	Sequence	+edge_374_haplotype 8066 * 0 0 0
Edge	747	385	31	0	0	0	558	-1
	Sequence	-edge_374_haplotype 8066 * 0 0 0
Edge	748	30	108	0	0	0	546	-1
	Sequence	+edge_375_haplotype 6122 * 0 0 0
Edge	749	208	29	0	0	0	546	-1
	Sequence	-edge_375_haplotype 6122 * 0 0 0
Edge	750	224	164	0	0	0	523	-1
	Sequence	+edge_376_haplotype 14373 * 0 0 0
Edge	751	28	27	0	0	0	523	-1
	Sequence	-edge_376_haplotype 14373 * 0 0 0
Edge	752	26	86	0	0	0	523	-1
	Sequence	+edge_377_haplotype 3717 * 0 0 0
Edge	753	25	24	0	0	0	523	-1
	Sequence	-edge_377_haplotype 3717 * 0 0 0
Edge	754	22	21	0	0	0	536	-1
	Sequence	+edge_378_haplotype 3907 * 0 0 0
Edge	755	20	19	0	0	0	536	-1
	Sequence	-edge_378_haplotype 3907 * 0 0 0
Edge	756	18	17	0	0	0	445	-1
	Sequence	+edge_379_haplotype 16202 * 0 0 0
Edge	757	16	15	0	0	0	445	-1
	Sequence	-edge_379_haplotype 16202 * 0 0 0
Edge	758	14	13	0	0	0	536	-1
	Sequence	+edge_380_haplotype 580 * 0 0 0
Edge	759	330	12	0	0	0	536	-1
	Sequence	-edge_380_haplotype 580 * 0 0 0
Edge	760	173	188	0	0	0	552	-1
	Sequence	+edge_381_haplotype 608 * 0 0 0
Edge	761	11	10	0	0	0	552	-1
	Sequence	-edge_381_haplotype 608 * 0 0 0
Edge	762	9	111	0	0	0	491	-1
	Sequence	+edge_382_haplotype 9268 * 0 0 0
Edge	763	54	8	0	0	0	491	-1
	Sequence	-edge_382_haplotype 9268 * 0 0 0
Edge	764	7	6	0	0	0	533	-1
	Sequence	+edge_383_haplotype 12139 * 0 0 0
Edge	765	5	4	0	0	0	533	-1
	Sequence	-edge_383_haplotype 12139 * 0 0 0
Edge	766	3	23	0	0	0	535	-1
	Sequence	+edge_384_haplotype 808 * 0 0 0
Edge	767	2	229	0	0	0	535	-1
	Sequence	-edge_384_haplotype 808 * 0 0 0
Edge	768	1	283	0	0	0	488	-1
	Sequence	+edge_385_haplotype 15291 * 0 0 0
Edge	769	0	410	0	0	0	488	-1
	Sequence	-edge_385_haplotype 15291 * 0 0 0
